t = 0
b =  100.0 100.0 100.0
E = 0. 0. 0.
80.18014606829931 3.903613386067601 20.810199186693374 0.8742660267570289 0.3316234273014831 -0.3545205451356747 0.09828762680656956 0.5942500493455887 0.7982521038302987 0.0 0.0 0.0 0.0 0.0 0.0
80.48535378916895 3.9152353103513895 21.252237963404042 0.4294346020544846 0.6982812133189444 -0.5727034744823267 0.09828762680656956 0.5942500493455887 0.7982521038302987 0.0 0.0 0.0 0.0 0.0 0.0
80.88845114108909 4.086030459182681 21.563728965086323 -0.1785462077322242 0.799650291757234 -0.5733067787816672 0.09828762680656956 0.5942500493455887 0.7982521038302987 0.0 0.0 0.0 0.0 0.0 0.0
81.2508488793387 4.439105917181067 21.744534668506198 -0.718694328068058 0.5972188549170341 -0.3561012526436669 0.09828762680656956 0.5942500493455887 0.7982521038302987 0.0 0.0 0.0 0.0 0.0 0.0
81.44942022289145 4.928317431949307 21.844167080181208 -0.9857984572424534 0.16789399012707423 -0.00360690693089033 0.09828762680656956 0.5942500493455887 0.7982521038302987 0.0 0.0 0.0 0.0 0.0 0.0
81.4232787770976 5.455800387049807 21.94297729730783 -0.8783812708391656 -0.32521660854998297 0.3502577630291994 0.09828762680656956 0.5942500493455887 0.7982521038302987 0.0 0.0 0.0 0.0 0.0 0.0
81.19691029297763 5.909150205998383 22.121628782537833 -0.43725235389238815 -0.6947719803071672 0.5710536528169854 0.09828762680656956 0.5942500493455887 0.7982521038302987 0.0 0.0 0.0 0.0 0.0 0.0
80.87087012102974 6.204126730174909 22.4304519658957 0.16999604276761388 -0.800371860777601 0.5748967123916704 0.09828762680656956 0.5942500493455887 0.7982521038302987 0.0 0.0 0.0 0.0 0.0 0.0
80.58358055237967 6.316658463503444 22.870322872932398 0.7126601005979313 -0.601897089834717 0.360326899168302 0.09828762680656956 0.5942500493455887 0.7982521038302987 0.0 0.0 0.0 0.0 0.0 0.0
80.45874187608477 6.291987736265436 23.39233030797221 0.9845726711696146 -0.17475155128092879 0.008862872606406225 0.09828762680656956 0.5942500493455887 0.7982521038302987 0.0 0.0 0.0 0.0 0.0 0.0
80.55833657116261 6.227482387414375 23.916358035101524 0.8824296227867365 0.31878502329461456 -0.3459683074379912 0.09828762680656956 0.5942500493455887 0.7982521038302987 0.0 0.0 0.0 0.0 0.0 0.0
80.85908112652037 6.235644094653907 24.36152227566444 0.4450368072706514 0.6912098377191704 -0.5693603432050579 0.09828762680656956 0.5942500493455887 0.7982521038302987 0.0 0.0 0.0 0.0 0.0 0.0
81.26127183609859 6.401367106150472 24.676900808078816 -0.16143293194618027 0.8010324783820039 -0.5764428653912218 0.09828762680656956 0.5942500493455887 0.7982521038302987 0.0 0.0 0.0 0.0 0.0 0.0
81.62666390376016 6.7496854962987385 24.86087917118946 -0.706571601301968 0.6065294879586698 -0.3645251054045031 0.09828762680656956 0.5942500493455887 0.7982521038302987 0.0 0.0 0.0 0.0 0.0 0.0
81.83099295267266 7.23626230231166 24.96176402505335 -0.9832719060759381 0.1815958044275753 -0.014118163339859102 0.09828762680656956 0.5942500493455887 0.7982521038302987 0.0 0.0 0.0 0.0 0.0 0.0
81.81118513965644 7.764233877657768 25.05943064313969 -0.8864107743020668 -0.3123291613254956 0.3416525050207007 0.09828762680656956 0.5942500493455887 0.7982521038302987 0.0 0.0 0.0 0.0 0.0 0.0
81.58931996274713 8.221010010852279 25.23497696049561 -0.452787369373011 -0.6875950568259034 0.567623674598627 0.09828762680656956 0.5942500493455887 0.7982521038302987 0.0 0.0 0.0 0.0 0.0 0.0
81.26424189074226 8.521048829208114 25.539913112336592 0.15285752738196584 -0.8016320942618546 0.5779451200347843 0.09828762680656956 0.5942500493455887 0.7982521038302987 0.0 0.0 0.0 0.0 0.0 0.0
